1659.2474809999999 -1.1415748026608115 0.6557057509366576 -0.002494288214531259 -0.16539037095979361 0.06445675217573568 -0.0015751437496417109 
1660.2474809999999 -0.8431187624097103 0.5684463161221671 0.008137958500718717 0.3227146247948109 -0.24260115536817203 -0.0014184909671831197 
1661.2474809999999 -0.9390450192537917 0.4704503936126355 -0.00828005766857106 -0.7984306245508532 0.1790543744677212 -0.0699726121461603 
1662.2474809999999 -1.7627911590962388 0.43536550685357456 -0.012237748073886563 -0.7875315543996482 0.019655825059997023 0.037014780474768916 
1663.2474809999999 -2.371878945858765 0.4484007677469518 0.0025044024590331728 -0.38422945696997873 -0.06167011096430397 0.052875618480792363 
1664.2474809999999 -2.7058080277079877 0.6978031592110934 0.013340293816814815 -0.25790195867985766 0.20824179790646935 -0.023096564882743364 
1665.2474809999999 -3.3562551161099035 0.7348492529193664 -0.00874405815301962 -0.9696748360758358 0.22328152006915994 -0.11873645972981747 
1666.2474809999999 -4.395166958704274 0.9885967652256573 0.011614877305760843 -1.1086352130915968 0.19238723752779902 0.14619988633376052 
1667.2474809999999 -5.51874022556365 1.1773208696794502 -0.0033927186967629376 -1.14872553258849 -0.03660433390211254 0.10425195480636534 
1668.2474809999999 -6.63763924033884 1.3302874731265721 0.02161201393690994 -1.15734140078539 -0.09402991655424175 -0.1607485860850294 
1669.2474809999999 -7.767818873514098 1.242843534414079 0.032455285662982294 -1.023028417961917 -0.19085430111479337 0.009785106676349603 
1670.2474809999999 -8.838838728041413 0.9554392205135717 0.016042905669937057 -1.031177023142107 -0.1519173461465291 0.104876082172389 
1671.2474809999999 -9.827606072445395 0.7786606642167493 -0.002653472953637494 -1.0023255254288739 0.07481567123068547 0.0934924966253647 
1672.2474809999999 -10.77936013217498 0.4729694641329497 0.023439418925219505 -0.9564903916642016 -0.3443885496738661 -0.1033010551430989 
1673.2474809999999 -11.782282705962444 0.09823451394891738 -0.010999430806133465 -1.0454138517607008 -0.3197090192036489 0.0954219679583051 
1674.2474809999999 -12.781861860940671 -0.18859831440972866 -0.05088126911385682 -0.8761849024564832 -0.3547233056048906 0.04388613074037237 
1675.2474809999999 -13.740987787174003 -0.39843910349003314 -0.059687594493905906 -0.916151367355884 -0.35445369252071635 -0.11840186608657918 
1676.2474809999999 -14.76223416374881 -0.5528890234137029 -0.08685215276515926 -0.98225485415041 -0.2539288387361655 -0.04703463403870599 
1677.2474809999999 -15.754669861532456 -0.6292724129717006 -0.11197878824309922 -0.9954440894231004 -0.0017414738124490146 0.08383847017041843 
1678.2474809999999 -16.7174152902911 -0.6901067166882784 -0.12777522756375836 -1.010192082833525 0.16274394053494973 -0.13708908542796056 
1679.2474809999999 -17.697806930891414 -0.708339460841774 -0.1292332521163596 -1.0663818286395268 -0.04779816206690393 -0.1929508375884399 
1680.2474809999999 -18.6811238691099 -0.8763419236676722 -0.14999598711337206 -0.9557864782091801 -0.16319146481879987 0.13096378643239853 
1681.2474809999999 -19.627242997494523 -1.1727079964665947 -0.1724170927328603 -0.8331336415431079 -0.6099320762935423 0.08293523823752685 
1682.2474809999999 -20.496657005715353 -1.596369572144007 -0.1208624763500327 -0.7858235610686416 -0.6530045897944544 -0.0819780308486315 
1683.2474809999999 -21.37747899466428 -2.1493624723266227 -0.13808241833677784 -0.908081438092643 -0.4920697715083636 0.14081982232824813 
1684.2474809999999 -22.35699867647021 -2.645896748434589 -0.16190852333277764 -1.3709918134027725 -0.06505111903693667 -0.07925342709592231 
1685.2474809999999 -23.46639966719555 -2.7668516488469908 0.06292342379959626 -0.9567438184999277 0.06695143831772243 -0.06709007477446938 
1686.2474809999999 -24.396229877402973 -2.81322266478884 0.20308461031400946 -0.8203654924260814 -0.40067812312467677 0.388423270226947 
1687.2474809999999 -25.21074289095995 -3.0847577312687204 0.30807854459756157 -0.6153480058972111 -0.4413529683797505 0.08125609815061163 
1688.2474809999999 -25.852836911791584 -3.671546438545871 0.3325910204289323 -0.8632802288078123 -0.3333993053124976 -0.11454610486980021 
1689.2474809999999 -26.724262579484748 -4.082230389733019 0.3582807489084258 -0.7967582216243142 -0.4153371830693399 0.21907006756498726 
1690.2474809999999 -27.504018109143214 -4.147529490296258 0.3743394911219704 -0.8198444755417563 -0.08362069102911882 -0.04890506215025389 
1691.2474809999999 -28.32040412932944 -4.156631677786103 0.36278007967403053 -0.7559182470379966 0.2724925645267206 0.1536237212526236 
1692.2474809999999 -29.054451988001176 -3.9165069959895873 0.3906168072282608 -0.47488841466850223 0.39903422543179845 0.008071668712044691 
1693.2474809999999 -29.472003480748626 -3.3238856719465635 0.3810290879728257 -0.40759483135648894 0.642874514143303 -0.06126890323348366 
1694.2474809999999 -29.723088036724327 -2.6073574738836465 0.37245082225544324 0.0015409324506414357 0.792629866056834 0.06328306585178989 
1695.2474809999999 -30.035998945254708 -1.904864608625118 0.38659007105884946 -0.2349807828286941 0.6865680409904713 -0.0596050987590889 
1696.2474809999999 -30.266275741582373 -1.2031544195164643 0.360465995687351 -0.5200904051802111 0.6273825344550403 -0.10554086946950289 
1697.2474809999999 -30.669874821013536 -0.6044525744181363 0.36747905660079533 -0.29991709579664844 0.5887945866205624 0.05425398493064136 
1698.2474809999999 -31.17821282644685 -0.09345202289797218 0.3747065524611678 -0.4995954198319124 0.514453452210809 -0.046259940457590826 
1699.2474809999999 -31.61363583694638 0.6860971041781426 0.362111653767929 -0.6711055764539691 0.7313363008657121 0.06879655334285273 
1700.2474809999999 -31.891389119867732 1.554338715495711 0.4048747991181879 -0.32614206549238106 0.9008243892462963 -0.06323853165082641 
1701.2474809999999 -32.1427183002522 2.515167678133738 0.37669997162941454 -0.17411871885330377 0.9626251760905572 0.08016244670875511 
1702.2474809999999 -32.355971422257824 3.4380893665109147 0.37957076734749673 0.002061149726809354 1.0142487692419109 -0.15811547040312804 
1703.2474809999999 -32.5399780119237 4.425220275406569 0.4049903550217351 -0.09708956581938047 0.9269171315179086 0.06780444986075146 
1704.2474809999999 -32.5705171678027 5.390196728039933 0.38434016106988356 -0.19772881142079807 0.9759709476104077 0.11385981197144013 
1705.2474809999999 -32.54883060374107 6.273819699451833 0.41803613335913253 -0.17019611146643998 0.798489798002441 0.021965033971876657 
1706.2474809999999 -32.65769550234592 7.146574537802586 0.41459223536629597 0.1280532698185602 0.9099325235034723 0.08476343199411321 
1707.2474809999999 -33.013631235324304 7.951130125549808 0.4352889902094998 -0.3432147219070832 0.6378210299433761 -0.07794819926775123 
1708.2474809999999 -33.222799135352496 8.82990021999913 0.43001224406983296 -0.5215323134003601 0.7661327505789818 0.14630543146585961 
1709.2474809999999 -33.41309303067115 9.691032432968727 0.45058666840881206 -0.3124444509935945 0.7717327878365712 -0.043097221074181624 
1710.2474809999999 -33.76996029968231 10.471884136808955 0.4287368729111314 -0.23145050092752012 0.833309770462521 0.030267755100193583 
1711.2474809999999 -34.135430394950134 11.218740163825306 0.46932574319642395 -0.26140931950845064 0.8211480930932088 -0.028352187200809842 
1712.2474809999999 -34.45314247568602 12.025470123519383 0.43820946011332956 -0.5351955907315102 0.7332238473766512 0.11827043021946859 
1713.2474809999999 -34.69122614503151 12.788210532972688 0.48306165670821977 -0.24690752206821098 0.6299946557652617 0.00013308700933518935 
1714.2474809999999 -34.815600270966975 13.533393226208569 0.45111957083431037 -0.05852682012944854 0.8261165192200911 -0.05751154267842118 
1715.2474809999999 -34.86630703828413 14.274235935665297 0.4526456971746118 0.32691342067029716 0.8362193395967894 0.0757178179797326 
1716.2474809999999 -34.4348697500942 14.937921541655292 0.45193253014046425 0.10584591584422683 0.778831805421807 -0.11474165633598651 
1717.2474809999999 -34.25007258242359 15.680270476272204 0.44027173174584094 -0.15607856719243277 0.93378261036275 -0.012614271654557557 
1718.2474809999999 -34.28082349349672 16.417759805536413 0.3901127664090424 0.11689545100009821 0.5729902904701125 -0.15345529508175887 
1719.2474809999999 -34.43039301658233 16.96725882224381 0.31784356457645996 -0.17042171211823484 0.4468342124653107 -0.1165189922240363 
1720.2474809999999 -34.3365430276753 17.052144412206093 0.28371566471703774 0.2944443381617319 -0.2753031789696333 0.0038614401997448256 
1721.2474809999999 -34.09289648994842 16.571587418808562 0.4206933303207815 0.07091074494039565 -0.5311641312485268 0.14380091182550397 
1722.2474809999999 -34.10014544298596 15.975804079463249 0.4461764006465291 0.10814390714503597 -0.5460345389596767 -0.0023514712310698793 
1723.2474809999999 -33.62055698902387 15.891789934033216 0.43554577449707166 0.7344328725550469 0.1529964821951077 -0.02457367013556032 
1724.2474809999999 -33.11513294675912 15.745285243280644 0.45177248075668736 0.4746904784578814 -0.018246329284576902 -0.003632446728777789 
1725.2474809999999 -32.58216826535267 15.917726013174565 0.44354146814612666 0.45118158960409493 -0.02253745299747495 0.07554156952945257 
1726.2474809999999 -32.6012820227054 16.11978548126713 0.41595862236361547 -0.182337099476116 0.1376193939723102 -0.047083696331471525 
1727.2474809999999 -32.58612235800358 16.228184337543635 0.4193047244287853 -0.27089345517034397 0.22604130602973724 0.0022713578014397773 
1728.2474809999999 -33.11509504916287 16.699317388826024 0.3908968449898246 -0.4946962823539104 0.6528779246682657 0.06055872333960674 
1729.2474809999999 -33.85465565602418 17.02656940736398 0.33788980378090727 -0.8835854142889107 0.4251391075352672 -0.1893789212901294 
1730.2474809999999 -34.22373465731792 17.019929701380157 0.20580222142576907 0.16490378410519652 -0.3749339264821732 -0.013630924495742769 
1731.2474809999999 -34.17218872832844 16.903262562062313 0.11874935579603563 0.01639677065169355 0.057559347610471295 -0.04744255619977644 
1732.2474809999999 -34.19177943962917 16.85901947982349 0.1511761774247758 -0.020163634928060586 0.11378843278469977 -0.02628142142417325 
1733.2474809999999 -34.08445969294211 16.88930036600279 0.2876941277119848 0.3106323781170649 -0.26621034409028527 0.3699134461264728 
1734.2474809999999 -33.71468311158304 16.35366290759165 0.45579545886651823 -0.036617292157805924 -0.5402224116122111 -0.043803048846366294 
1735.2474809999999 -34.11314098345031 15.726460826125688 0.4240957717641742 -0.2551739185494174 -0.867172913405011 -0.1338458080227205 
1736.2474809999999 -34.572257336706514 15.01954137714375 0.4292419698279866 -0.5252773833552037 -0.6835493522449414 0.017037699188082456 
1737.2474809999999 -35.173089413564625 14.565993299497453 0.33725107254155584 -0.6898202182100036 0.03505441597217335 -0.0009535493458717459 
1738.2474809999999 -35.517865924247474 14.253929273897077 0.37210339543384 -0.13563173696960998 -0.8767644414176909 0.2203317006310075 
1739.2474809999999 -35.99442977855102 13.705201981894152 0.3999231278159929 -0.45111490063145726 -0.6930692810122849 -0.028489648037514817 
1740.2474809999999 -36.36186254922901 13.133174950235393 0.36494759904511836 -0.7099271174713485 -0.2944304491198874 -0.07940622514430445 
1741.2474809999999 -36.578112560874544 12.979199132878414 0.24772234922807024 0.03853947405716885 -0.11907129357035562 -0.11745863830999947 
1742.2474809999999 -36.60756008247188 12.984645739479571 0.2175162759702391 0.009600284001617027 0.10086551646749997 0.00450218314796158 
1743.2474809999999 -36.52748791592033 13.082050377281353 0.3045426424080157 0.3348813411075904 -0.09838637103730047 0.2749641019253071 
1744.2474809999999 -36.34355111182429 13.097726356821498 0.3587589603764738 -0.027434733538477127 0.20447865811004237 -0.02853031443293652 
1745.2474809999999 -36.56227076908187 13.277024296133844 0.2248500729263151 -0.06915546794282657 -0.07042132416224489 -0.030950595967232538 
1746.2474809999999 -36.64675508861737 13.28416481512025 0.17869447199383268 0.04019479444903709 0.004610575161085734 0.08684698295640464 
1747.2474809999999 -36.38739972609042 13.14331414113038 0.4214608128336811 0.3297900492105198 -0.2360805576605045 0.13407061165894357 
1748.2474809999999 -35.80808957278473 12.932578898227298 0.47764231622348935 0.635445617610116 0.15749536658585953 -0.0415927195757986 
1749.2474809999999 -35.07663730981326 13.145983397522663 0.47059679599144216 0.8499106943877289 -0.1492484286550101 0.17437755413505604 
1750.2474809999999 -34.25014263206292 13.183294699429375 0.5186765927979807 0.8506190181928657 -0.07418133003203581 -0.08182664776666002 
1751.2474809999999 -33.35721687153127 13.026787715913606 0.4781809061898923 0.8313521071560362 0.04151743416694137 0.07122384198252185 
1752.2474809999999 -32.46935817585661 12.961149921154323 0.4391486305183262 0.9441338108242016 0.2237691464815637 -0.1332661236379269 
1753.2474809999999 -31.577276507665115 12.879107344194084 0.4574017412981517 0.8819666280045769 -0.11814414088148545 0.04693606445398413 
1754.2474809999999 -30.67511982769371 12.630613101026354 0.4343141292811437 0.8086789225691758 -0.5223462299210128 0.08584938462110328 
1755.2474809999999 -29.82030500176455 12.353917466446234 0.4454661418572238 0.8848951951359568 -0.2982160752163071 -0.11540941831451745 
1756.2474809999999 -28.941114238821847 12.146999281731725 0.41352698385067543 0.8678782885256664 -0.17316753173792254 0.14036905403523448 
1757.2474809999999 -28.05644217464613 11.87913227879516 0.39741283077872 0.9314727211929152 0.03072843106692752 -0.1085776658901636 
1758.2474809999999 -27.12820274122027 11.759082769467343 0.4055232537736515 0.8881026534485584 -0.031905883113296174 0.0167281333457919 
1759.2474809999999 -26.191466137443097 11.856108189026342 0.3509233342387257 0.971877080288064 -0.06057365396851469 0.034362250870632216 
1760.2474809999999 -25.295189607159372 11.979996595734088 0.3713262839992661 0.8906136244681147 0.0002871237369416746 -0.06674934768688283 
1761.2474809999999 -24.42036306791878 11.977422338609745 0.3602808661555129 0.8195814747554766 0.01043200716016165 0.07304503877626872 
1762.2474809999999 -23.692392378848783 11.79886862581441 0.27576302324493746 0.8102791942383936 -0.047103725847650046 -0.1441493796222839 
1763.2474809999999 -23.330509839365796 11.853457203587313 0.1421723507240806 0.05506333258564387 0.07061342988898389 -0.06143423269235046 
1764.2474809999999 -23.309125179219674 11.913676958644421 0.15793746807093215 -0.0679434944494137 -0.051214904072172523 0.29736547030376936 
1765.2474809999999 -23.43975959563217 11.77447602159037 0.31708492954467504 -0.3480523654433942 -0.17274960203239437 0.13715485242609793 
1766.2474809999999 -24.191219226915006 11.470186636593072 0.3548550872243816 -0.43372625151769606 -0.5042888846062571 -0.0770679139195861 
1767.2474809999999 -24.57961405310429 10.86047959394919 0.3403432815531562 -0.6523020075796168 -0.5416474627326197 0.10164512511582069 
1768.2474809999999 -25.071821522367262 10.253439008978617 0.2998005155329951 -0.5788110869848502 -0.5238502935646758 -0.0705263063992892 
1769.2474809999999 -25.84437184141847 9.833985963538401 0.030322347548665765 -0.37369198261538433 -0.21567021369399073 -0.4087248274879088 
1770.2474809999999 -26.0043453791026 9.770547464480845 -0.1509284249105307 -0.018757900474702306 -0.007732935624701509 0.1548730391263893 
1771.2474809999999 -25.98402936064244 9.782284224080973 -0.06650036613855073 0.010445209589466577 -0.008228729916149903 -0.06282675819182063 
1772.2474809999999 -25.974249985523418 9.729431972546005 -0.008422557002125365 0.21375745045599223 -0.2737448916625678 0.5695980435711692 
1773.2474809999999 -25.54955449171232 9.20197057698957 0.32911494880705716 -0.08440599294708194 -0.6821525829373971 -0.016726641280336185 
1774.2474809999999 -25.78974138992634 8.601017777087701 0.30982217966500036 -0.10744062277551324 -0.5585517032479312 0.10284463014257214 
1775.2474809999999 -26.17712552590952 8.196329424454749 0.33716497576396476 -0.26181793613733273 -0.25228048474862497 0.035597444011569696 
1776.2474809999999 -26.103259883452328 7.860224216658078 0.36178827186622037 0.5093314840874353 -0.3212382274318838 -0.07052086332910194 
1777.2474809999999 -25.93944110440885 7.408660394974068 0.3123394811004379 0.10112986619852332 -0.4608605089493569 0.06704225597288582 
1778.2474809999999 -25.457911788458755 6.977291837140553 0.44448284808651084 0.21384954685613036 -0.3423504742501651 0.15547382105906 
1779.2474809999999 -25.524246896563877 6.572374322376071 0.6543757860230308 0.2673773867810051 -0.27236625467886566 -0.00038098910360678806 
1780.2474809999999 -24.989730515231578 6.40306843878561 0.6613237509240222 0.21963452596255034 -0.43037626890364233 -0.07983468099868068 
1781.2474809999999 -25.005191912700568 6.142303694461914 0.6589666436480491 -0.008148270950327656 0.02019004566769067 -0.02611498641993676 
1782.2474809999999 -25.023237519535147 6.341248810464108 0.6881035863178484 0.009294701996261135 0.07419496873768047 0.023787821083205596 
1783.2474809999999 -24.956090663009853 6.495724133877202 0.7112613446352176 0.07438488186673886 0.11960122940119905 -0.009041114891719104 
1784.2474809999999 -24.917909767729107 6.343605589530588 0.6985570830047981 -0.5002998012382303 -0.3708407635010116 0.06279607263396303 
1785.2474809999999 -25.253841843431616 6.014104845248047 0.7066328420261933 0.04371113647653022 -0.3313337567964984 0.020115020054083804 
1786.2474809999999 -25.297520166565747 5.893329395274551 0.7354742663247832 -0.10256338964285991 0.08461600159395259 0.013192723139927462 
1787.2474809999999 -25.329851354896604 5.872053854697994 0.7442605691814405 0.016098653872946334 -0.029350544082186843 0.023893989924658254 
1788.2474809999999 -25.353409483707683 5.873580613636279 0.746178107765404 -0.12315660153529856 0.009005082953584265 -0.006422285682664786 
1789.2474809999999 -25.49568013307703 5.905702582134256 0.7290881556966257 -0.14414874038992836 -0.1539762964032652 -0.04792328629335879 
1790.2474809999999 -25.742513993798706 5.831217759519435 0.6688825297675466 -0.09188779015672331 0.1325559846457522 -0.07805560388735738 
1791.2474809999999 -25.88560513128203 5.639861121165676 0.6167952866634154 -0.24008190132509927 -0.4035211859580624 0.030642048583558956 
1792.2474809999999 -26.01770830701107 5.557409617622941 0.6195108550308216 0.05975832806424013 0.1475111408512485 0.03714761310005503 
1793.2474809999999 -25.973033029398803 5.540933504679694 0.6465670428385054 0.08165302115294229 -0.1563702361607654 0.034643015345240724 
1794.2474809999999 -25.949708641652318 5.078091340610813 0.7032699494530553 0.05381841705550774 -0.42305893306837755 0.052751000240839785 
1795.2474809999999 -26.286444263828685 4.838402411426988 0.6941071462593105 -0.5663207040920688 -0.2441160595403596 0.0015053377155329617 
1796.2474809999999 -26.454594818086004 4.244343985125985 0.6781714266563424 -0.17286608939155962 -0.5129012577336947 0.02268615705543725 
1797.2474809999999 -26.9473629531339 3.854631499822063 0.6654934616256474 -0.40933158478598886 -0.5347314180908825 -0.060124640606114554 
1798.2474809999999 -27.244866630896894 3.3486532464099708 0.6643529352825931 -0.5082022992122238 -0.1683051331276177 -0.0794180637911231 
1799.2474809999999 -27.581417835555534 3.0784901238203837 0.6920313153281522 -0.0445434289841343 -0.46688342017233037 0.06054663115537745 
1800.2474809999999 -27.828381128908756 2.868717133564147 0.6617764675510694 -0.3207650714521657 -0.0234557584840189 0.022479045116567647 
1801.2474809999999 -27.882631132336897 2.69796882261519 0.6188634334480119 0.036093687935289026 -0.21478301400486613 0.01055472198462426 
1802.2474809999999 -27.907806669409638 2.6052399915674087 0.626267108881637 -0.023870083009035793 -0.012218692607433565 0.014166844972361037 
1803.2474809999999 -27.944549421651672 2.5891231550612277 0.6342630498867788 -0.14426111773895464 -0.06124387498611862 -0.027407308884661787 
1804.2474809999999 -28.332964327841445 2.6674202357329033 0.5269531815681054 -0.44314691895813296 -0.13531847150366494 -0.172370646739108 
1805.2474809999999 -28.872971118224143 2.536112077672526 0.3965660304327353 -0.8559515388269752 -0.005111575789677247 -0.44724927699782685 
1806.2474809999999 -29.20620613262556 2.3308658575095764 0.4094408776891314 -0.292882251443805 -0.2462315639290948 -0.05020995308067558 
1807.2474809999999 -29.44775116520692 2.084477552723178 0.3624716348042377 0.0037312967403800024 -0.23876903272996033 -0.04348318383306568 
1808.2474809999999 -29.29115822808154 1.7027782062424848 0.40797900424395506 -0.03793243023228121 -0.40998164973943063 -0.021105656543405075 
1809.2474809999999 -29.33590635058758 1.4599805160972599 0.28152863195398925 -0.03583462195941953 -0.025619165434633273 -0.026244885929075146 
1810.2474809999999 -29.323903225039707 1.4382421017253895 0.2653750141647212 0.08011345749550877 -0.08379977974524344 -0.0036585622746563295 
1811.2474809999999 -29.34920346321127 1.4456957843733225 0.11250842737810875 -0.36937885912379786 0.23754695344463003 -0.3874229323567655 
1812.2474809999999 -29.454053069008573 1.6223415652135582 -0.4607213425306732 0.09850435110240786 0.3284615340258594 -0.38658556327791926 
1813.2474809999999 -29.300534648633565 1.9611410454589635 -0.6473559750916372 0.20315085245355127 0.3513669162135434 -0.2622577951724016 
1814.2474809999999 -29.234774021419586 2.0395419084499222 -0.8462163269991783 0.008070171870700887 -0.042127999544546435 -0.05685503402628678 
1815.2474809999999 -29.333089456179405 1.921682296671644 0.09115943458442295 0.38053677718104123 -0.4188514770676225 1.1186773673158799 
1816.2474809999999 -29.346693941826995 1.4281649531326834 0.36557682053716717 -0.1333017450846874 -0.4724656625024274 -0.027608350584149982 
1817.2474809999999 -29.641439928107584 1.0253684813292565 0.35918599504443166 -0.10668197480539982 -0.6759548306714741 -0.11401283879118634 
1818.2474809999999 -29.728600251312734 0.3136558626243856 0.35843547585582636 -0.19501609031708278 -0.7009613396962397 0.13290722707552022 
1819.2474809999999 -29.60451216612912 -0.4275531453738549 0.3600765518507732 0.08075374564802802 -0.7950124842492509 -0.0839728246200151 
1820.2474809999999 -29.488310496610243 -1.2098563610747735 0.30663417197729137 0.4609089026630717 -0.7411533835781247 0.024235230447459177 
1821.2474809999999 -29.348810515330925 -1.8407288065242713 0.3088152276751141 0.07257179849874403 -0.4249866889511798 0.03822070587105758 
1822.2474809999999 -29.329609086475255 -2.4686674564905657 0.3278807654138187 -0.22701953247436757 -0.5034601995980141 -0.03199773362813038 
1823.2474809999999 -29.31755990956325 -3.1377007706974127 0.3368235943176097 0.31163319588521116 -0.6382188503648982 0.0942385475439657 
1824.2474809999999 -29.091666164670077 -3.7771423948644647 0.3836342857028864 0.42598213362406806 -0.40010399118334816 0.07974208685360018 
1825.2474809999999 -28.470166774206394 -4.1792967647940955 0.36056309415994686 0.6050758912116985 -0.6163958430771799 -0.13017732480486993 
1826.2474809999999 -27.748472859568185 -4.416089494180787 0.34237510018186734 0.7530424987197922 -0.2275076977106119 -0.011353959407121028 
1827.2474809999999 -27.01072396042746 -4.587475302891352 0.31669261308425656 0.7305350247652136 0.39264963417252474 -0.0653798794086051 
1828.2474809999999 -26.169241433707636 -4.517381943450428 0.34629435507545653 0.8461894260433388 0.06310942984975637 0.08602341520591288 
1829.2474809999999 -25.244735671311034 -4.498279163861583 0.26858843133142746 0.8538139243595667 -0.08241629166855907 -0.19042593819762196 
1830.2474809999999 -24.343513250649824 -4.464036594877351 0.20568420709534738 0.9366091685249365 -0.13944690670805798 -0.16439724839443176 
1831.2474809999999 -23.431737366883787 -4.480491079831908 0.034202616961958164 1.0408262856770578 -0.029318252782596144 0.05372259435695004 
1832.2474809999999 -22.326569255968124 -4.712990245813571 -0.09700004969685756 1.1244894707971445 -0.29962954106739026 0.11886580540704389 
1833.2474809999999 -21.26344136329972 -5.0576961940991945 -0.07492509162742331 1.1208739093058986 -0.09912955082960945 0.12243935756821323 
1834.2474809999999 -20.333920136937273 -5.27161696568367 0.057312812907212234 0.8705890256977729 -0.03233418634900072 -0.06992151742368516 
1835.2474809999999 -19.29893136599737 -5.371734999062497 0.035118809433241305 1.0228153131790123 -0.19822738885308971 0.11105720599547897 
1836.2474809999999 -18.273151114789723 -5.338325800212687 0.04772094791941593 1.0854389915477476 -0.14596273650676989 -0.14132195728538344 
1837.2474809999999 -17.306855546085316 -5.234733323749502 0.07117302811286585 1.087760451378859 0.07101751202854603 0.07348769470661129 
1838.2474809999999 -16.27695982878941 -5.28005326466656 0.039314099121628344 0.9751229715115923 0.1997801638430053 -0.10319427334603201 
1839.2474809999999 -15.242042068267072 -5.270531371159986 0.04191683653490037 0.8632220606074349 0.13968069287491752 0.007706144948422922 
1840.2474809999999 -14.289622754202137 -5.018510513386522 0.024349958423544947 1.0564280280890672 0.182054036450088 0.08363511316219652 
1841.2474809999999 -13.396801310987138 -4.542842138626798 0.04062361976639905 0.931458381021509 0.45085068720015575 -0.14995870181054255 
1842.2474809999999 -12.60825899490958 -4.002265306156042 0.010324023999785263 0.6849683195587039 0.63974408059001 0.0705058790020352 
1843.2474809999999 -12.238026500407496 -3.4044119126399215 -0.02881447357675654 -0.11945879072239471 0.6908272831064775 -0.11099527453280977 
1844.2474809999999 -12.457174658864945 -2.6103307276930545 -0.04561020872725499 -0.04132654137816143 0.9235819025091017 0.16137185770527362 
1845.2474809999999 -12.438241362106842 -1.7342658165076308 -0.008623697847990022 0.4578768095095651 0.7520356382955564 -0.14751233560551066 
1846.2474809999999 -12.050434202361703 -0.8347664920806172 -0.0024167094530938974 0.5863715991689896 0.6273553144458694 -0.01486498350004517 
1847.2474809999999 -11.409696306752032 -0.2296630366025602 0.0060739687739414065 0.5349879778082488 0.8934417689626941 0.1752682781376213 
1848.2474809999999 -10.625154660692294 0.2880107263940954 0.031537238396884555 0.6629294654584565 0.5801155110206164 -0.08685342542422061 
1849.2474809999999 -9.90747966810929 0.7396506563498855 0.046034498317003784 0.7561446553155377 0.20369177717224046 0.1092785283004702 
1850.2474809999999 -9.208550471565541 1.1142360994383549 0.05865725165598274 0.7789754254334467 0.23059943236986272 -0.05952486025381226 
1851.2474809999999 -8.436078179190359 1.3084756575362828 0.042885930658160376 0.7867467469260452 0.29790617628595256 0.0954494197347186 
1852.2474809999999 -7.623524998552623 1.3298028750860056 0.07743026840871535 0.681232192690421 0.09317462850674024 -0.026752167483817813 
1853.2474809999999 -7.033781073402134 1.6454944341042932 0.06063886345614465 0.7670708400326468 0.14941750701805728 -0.1064103349711723 
1854.2474809999999 -6.037037827113015 1.659308253695384 0.040065583211042234 0.9922004195511932 0.001878206494996787 0.1020272507824633 
1855.2474809999999 -4.996052825462226 1.5001315134346773 0.02816230052932945 1.111034205230244 -0.03524614824962057 -0.13279709015116029 
1856.2474809999999 -3.9460019891171543 1.2941812976085727 0.03538348057462346 1.0379938178742047 -0.12278304718739014 -0.056043712254990774 
1857.2474809999999 -3.0254103264586436 1.1227073976210706 0.033661296861841876 0.8021546789075781 -0.34049041080292397 0.134693104627007 
1858.2474809999999 -2.3423564429461625 0.910200654959517 0.03326922785415779 0.5182596847460161 -0.3156221315890611 -0.09798170757090757 
1859.2474809999999 -2.093990765926888 0.8249525382955605 0.03745281144741543 0.1253459218813633 0.02301048576378026 -0.00646290883307557 
1860.2474809999999 -1.6736554103067351 0.5351279296294476 0.020417694411414188 0.5845357874444291 -0.2860710196171958 0.022747815272546212 
1861.2474809999999 -0.9469516185422524 0.48713046642709407 -0.020036532862582116 0.7298041493611999 -0.16767746234113845 -0.07616101537810671 
1862.2474809999999 -0.2577135493890866 0.1987663783376823 0.03432369599584093 0.5107609754200979 -0.34382666189933936 0.15140242773782125 
1863.2474809999999 0.0354870598615128 -0.24053185458374565 0.01786028673807417 0.18236704619216015 -0.24791255296889536 -0.05704968169436225 
1864.2474809999999 0.1772976999103967 -0.2783604623574532 0.029396845468497752 -0.07894373086278147 0.03860496992801998 0.13981154914708732 
1865.2474809999999 0.21765129614521148 -0.41143962327917255 0.0016356100743356698 0.29281253510385097 0.2002431252058064 0.0042216420058522885 
1866.2474809999999 0.16245081027484287 -0.23510810982514943 0.06105830293932125 -0.19147319755242592 -0.14776341553923378 -0.03557583555136802 
1867.2474809999999 0.22647930256095986 -0.4193328884594956 -0.023252996462739005 0.1774640129123541 0.10823605375169265 0.06281424962007404 
1868.2474809999999 0.18816233614366873 -0.284722906332888 0.01614646028817445 -0.08683798884301144 -0.004633985092653337 0.006036012931631696 
1869.2474809999999 0.17571033401083813 -0.3012434155338323 0.02166714033512241 -0.12512165909043227 -0.007240848499963426 0.05605620893252811 
1870.2474809999999 0.28010655257644773 -0.19906783612580195 0.042286691362590986 -0.11996999590665103 -0.2709642129252027 0.006797225559474235 
1871.2474809999999 0.19910461196545287 -0.23375902592009004 0.0950154163095132 0.122454995670006 -0.2400304998066475 -0.22300675794766814 
1872.2474809999999 0.2398391102655933 -0.21156726651727217 0.06387349265786503 0.22231034868843833 0.3051281284278411 0.0029066458369690906 
1873.2474809999999 0.09733724974493597 -0.2475254578379354 0.06648008909813206 -0.052309485446505016 0.03136398787942113 -0.012487669589590578 
1874.2474809999999 0.17235693812695527 -0.20301484004503031 0.11725627730555033 0.04433675730203366 -0.2587590416370025 -0.1041411373011715 
